15101864	5800163	91838273	74757766	40518463
15590662	89949458	79838372	26773827	1034235
47536904	95035200	28652897	40909217	63294316
2425769	50609262	86764085	49204336	96750815
35262418	48061922	15028821	4956615	52658085
93192422	39234708	86995082	56160767	81029957
11908989	94978251	89572544	28252105	85710573
50763542	99525126	13653854	52412553	24318148
17060764	5831006	28607647	89094372	12774535
37722374	82731185	82823454	3932626	95281645
62672305	2556809	30870146	56177225	82106161
12510825	41369924	25252641	56501910	58095404
98004259	93660153	40485268	49122256	8395942
48623854	6510085	11978550	32486575	7834044
58914022	36148457	16498904	58439047	7265589
74980401	63013877	56721308	39950790	19701655
33585754	78945176	63772944	29515111	50219384
18537201	96696720	53388026	86145633	35274970
13995443	25844884	77606916	94507062	71792908
51011572	38176947	28696357	1610715	55273799
67481243	39053114	67060217	47133531	88930159
13590190	29136233	86210996	25633328	67277880
35995152	58158046	97824229	92196919	93847696
24806145	89292250	54613459	27108568	27525261
25555498	79569628	74346666	14150131	15477048
17058741	40553223	19721848	46588386	52576262
23382030	21090501	51308551	4782131	38651855
90039606	95165046	27347337	29773713	45021356
13523725	5094847	79196770	50420982	45100548
68227623	54074677	48574722	32015147	47186345
97362432	80076811	20051592	7311103	80266049
72470021	50814810	25806790	53698646	15395321
57328733	60720873	73299250	69442508	38092195
17839559	74879964	79062358	40543413	82125919
11753347	63688220	55230518	31103890	15161467
61579570	24339388	49300329	97277690	9368191
99797455	61262314	93199681	14232762	74290133
9713845	58778473	49450891	59973232	31708370
73582006	24279797	92143146	66967881	1769961
51597831	26081526	45266287	92541984	74530507
92016303	76554658	81082440	8698669	69364292
27305849	24302082	80018019	39934937	14005950
4162686	61239270	91621421	86589119	53475697
38585418	21261739	82826875	94984822	90059605
96513076	72411478	85512960	29781544	6028882
75943771	67685421	35657572	15715367	83717256
97058882	45848408	35216537	31352285	50363309
96029910	14451595	38149479	4373085	40171990
85988969	47513468	1995289	78551990	38965472
95795602	79762569	3611681	65480773	24749135
88721589	28403377	1602552	38890603	11115942
31116816	47749407	93507372	27331426	21091611
93677094	41052300	24323206	60309490	26193934
21380425	37669255	4665490	57980286	42102265
68098366	95645687	36677791	67088247	94789947
91897365	28871866	94883428	21372054	36777607
4856002	64672429	50997956	71527051	66350497
34738432	76402512	36071174	16109581	75734996
29168255	26900685	74040549	16303861	30287459
39318099	94125124	91705711	53746984	35739457
97367154	43063239	38042676	88705426	37991951
99985399	93761508	42439490	82396169	86163558
40744513	194930	42446429	35249159	3771835
42276108	34750894	58745726	31353455	22667079
12214240	58842091	46343912	16476410	63225080
99766466	18978352	45553932	30634051	10507930
40995219	56359240	16030758	96929772	45908098
46143723	13154084	94396567	48893795	24689599
32009513	21507146	5393316	88298889	68879610
6793530	78476736	76591957	62802127	85243077
50993446	40453791	84533489	21943058	738959
21223998	84869360	77270766	20477407	48741321
54392954	2420178	52839224	41493476	2895941
74001050	52553118	65741659	32507266	2288425
34497363	65796247	59538324	31300010	2826862
4412055	18188506	13990034	99926316	3018052
64416193	44145942	81261556	67883663	62604712
49629107	34123100	83243535	30235115	78518897
29989295	69862063	92458700	97965879	13833289
46396150	11541070	69056518	18751151	46607181
33970279	76915133	35748566	28607461	35580307
90990400	44444673	6368956	40791612	85422058
95967526	49981392	62770263	82914767	57176555
13123134	52208280	41743268	94636416	18931470
62060486	2222632	22308793	84936402	14310646
23115183	61304282	51329947	78203621	58029839
9228688	80403088	93230952	21742703	86921513
52972400	40454687	54265187	22725910	74477618
19479318	21516574	7388179	97105530	63659298
27168130	58920367	262139	44458238	66761834
6627486	28021728	36542549	22861691	97264027
40063093	61303153	68498971	45345080	5371502
93503474	90646682	29870924	90209414	73539797
31379406	11502333	33335804	70691616	11142166
7701134	6107184	92954915	70426586	25743109
8066749	38113819	23702399	19552175	21113011
49098785	57000190	61821126	96349636	47934551
69320053	22336957	15280249	52955905	54195298
46229734	75672354	8220079	71052182	73405004
24045578	99147056	9392143	77966089	28809679
17647473	82119541	16711459	37123863	74070289
61760054	88998538	62080930	13079844	9341609
5199878	29259576	34721095	14294879	9194436
89600054	16728574	58002407	8918922	65299248
33098479	33447591	76448687	73220357	63168150
93476054	92050597	30237221	66228432	6773653
20765558	31180520	29831012	60649035	22715404
63142036	38410103	38655228	11571823	53385713
61013740	43563921	40086540	28096478	65321234
15445786	29396093	75411899	72446626	93895763
8739449	56026944	67847869	50223460	13785797
69918352	78820854	72859381	60974459	20610919
27188802	14357219	949683	18823392	84361384
68566290	6258016	3626344	18224407	48736215
53965203	52229198	96024843	41770029	58130498
74603257	52124827	7276974	161014	41343890
75875046	64207630	85155829	10178217	88193075
64065965	37062845	7943861	43188590	81523320
62857031	97274809	67962016	69837830	75940168
39364418	60338666	80134637	77547	61385743
79554471	41111005	52760221	58252413	25333298
23782744	28364159	49279627	35607169	29648650
57977977	79522025	92317950	18367710	57069812
64785969	41853434	78170041	51054726	40775976
38485815	30462760	77334069	67034107	2525435
744947	97245540	65640934	47726968	37162077
22817009	76478011	55591405	69396102	84273947
12082668	77459803	5800152	93566845	88874145
33356393	69512017	79186795	93484840	25871145
90687570	80874255	52147656	89136660	22377769
2438826	88027354	86313225	79007251	74117308
70663509	47119080	34986008	64503367	90551973
22188060	12236782	14914967	97318162	55421711
64184908	63446402	21263028	2683497	60228855
17999290	25687947	74615979	41675971	68410702
23044225	80105227	29658364	42121144	12520137
38827675	84643584	32405991	38311620	73702387
58155684	52619716	69911674	20782835	29832472
98701709	67949665	31647069	11109402	60172897
80694242	5380676	52070847	84939748	24526418
36495219	36322410	8008855	61972153	57956784
12143675	63489133	63445564	91353274	39040030
33971136	35497922	71087320	14986137	3881822
91060147	86099830	4982187	49608386	87275209
60732885	94199469	73116718	78685673	3763780
54001624	88923754	52707113	17494272	47576604
62225831	574088	9785663	85776328	10365190
30382870	65368479	12026864	26679441	27694014
41960696	86503095	40771876	91890106	14060946
33193195	41348963	98123594	67266615	27750566
13805190	79021572	36717657	57737746	4182312
29210876	99993686	9718235	52311506	1478832
44115972	62826204	94147684	69536489	54413994
29972378	34490139	44126249	73794810	49950972
54818978	79982093	29912619	78810169	21535130
37779676	73703958	78817511	18837553	17796288
25946857	46918582	88800860	96355734	60169099
60863695	71413060	74780137	34367359	31870146
76270909	219861	62653961	90777547	14616526
65209301	46650208	4063763	77021090	11648700
65448609	39535028	40286165	98225224	19069710
19214600	44693703	10171394	12724468	53220789
2161407	88810319	47602984	70644991	23757575
36392817	39132729	35716985	71146922	5586635
98198197	5698769	4756948	12454312	63833432
48590098	10845144	48673153	53869321	30062581
24895198	23245366	33420726	10998248	90001183
38942819	61900537	31590664	92084530	26531850
3538968	5641089	31770103	14140522	88103740
67528734	4231115	71384994	25823764	4480529
22074060	15883333	53385182	85661311	48683226
5727289	4807515	47497893	88896226	90095488
7616831	5906621	97572518	98588368	65859504
40733398	23425681	1227108	69837204	35259230
10813339	55106039	73144510	78919310	79339193
73006739	90879055	15884510	59903490	97480242
7120022	15775761	92205486	23150799	2491634
69377975	31241327	9186251	51544852	31451886
20927761	73208755	14872272	62804659	14839201
92393869	65051899	83694645	50343273	6096159
90159893	83525889	63029608	20442094	76147227
24737383	1605731	45022373	13792481	30838297
87146632	24220831	8678927	74377316	10614630
58911810	55241936	1861427	21242940	36694646
82685548	85213322	57098085	22931074	22448451
52294071	73987969	81599977	25665473	39890183
70694427	7506228	49814682	30924343	23747851
23961985	34494238	87286995	73531407	78809132
80466984	71424290	15820336	52070304	33744264
14368454	33463733	86805008	95103388	43670730
58179337	7870402	54264412	20209435	25099623
80971201	59737192	95502287	73940024	94924906
25449662	20046677	51580779	75437282	93128082
18369554	4844956	55878906	45084965	95470857
41629731	94688043	73612862	27553326	5024142
79627106	16480260	71288613	70739782	65514970
75679141	94786172	34070475	21785614	44875157
98490109	14787550	67730870	66565767	17991127
72770915	70713103	62880598	25621401	40905930
94733606	16029008	60661600	29511786	19220461
36163505	51176132	25160869	2803089	85524182
74165820	42755757	7297431	47126816	40866581
45600097	95393847	18196188	22659682	68768667
47965144	54229636	60442621	3671001	42881869
63150552	2077399	86640938	38261260	46417900
17496097	41446960	72952912	22193747	37776099
64148104	52195185	52083289	72883487	46470443
7309163	41132667	23301961	72709983	57713246
61592379	7507935	26655096	9736573	78982010
73291569	26515080	18145688	65634276	76583820
84265596	43295748	76522439	59666251	54150313
34641206	85269631	9468730	26468195	98036775
58008891	39072517	861605	26589954	80568077
14599178	92518747	57689472	50375268	52902210
62114642	71507462	22597442	97439822	28205460
20104535	320503	74471807	42870405	15960838
43254280	93115735	84883362	60065932	91407124
56955147	31769216	57978918	38035187	3203950
82136679	51012735	81020280	13003689	54023357
65579706	16032554	86424393	35567071	3563972
97275021	89095914	97847712	36816137	76188044
73579498	51019380	83200979	59534760	18253988
24698737	76670393	88840358	29382251	41148065
39344568	91203986	20803851	90080642	18014452
88116356	32664685	82128863	78635539	79079649
69553145	2179284	8145539	38492764	12090091
87523289	12338027	95483375	61335664	65438140
71757865	52457898	10645534	28856317	32196809
71950430	97288822	27113580	55882243	19416228
58729400	76510530	83510938	15418375	69175303
81379738	1029736	84731808	18502650	18323322
2026845	71661792	66507087	11246146	16528412
33923868	45556414	2431849	93334841	65718453
10282310	21850414	912940	353967	88605648
86465571	6796155	76993004	24784237	51950860
13805601	78152213	81648530	79568549	44260165
25766714	73399230	39470288	58143376	73736189
80799410	4865947	49683798	6910614	41280669
80639849	18054281	9911996	83896481	41888414
43257904	14302100	74716513	82040468	81424362
28733629	9472056	22129174	77502932	67179440
89347273	76605557	84929248	85934060	23275793
40579448	5715610	90074813	67734516	88144804
88261936	74042490	39970464	79296403	23980066
42748338	93531216	22713719	78716470	12341819
68352747	66545347	97828068	6077789	70868051
93475905	85616531	41910328	32393392	59309464
21471705	16214779	73219739	90132758	24940829
56756159	78761664	31389254	87812703	45638053
62669555	21937426	85321861	1006212	37911434
22202998	4227455	40252645	38033713	3718941
60106094	22803947	85087524	81573193	23833261
29312068	72932187	56074386	78698848	53696303
54039909	64540278	6946535	95344478	68461401
36269918	52487327	77239758	6733517	84876930
38784706	584523	59065490	3691406	19940290
92020618	38773100	18518270	235064	53724789
62294427	78635895	76778149	17155377	874080
95731157	82298099	19963314	94435158	51224687
18859096	99022961	12273462	3333922	48462647
25708397	64410272	51256211	38475194	19362107
10905454	98200218	76943162	89597837	64778498
92962733	50870068	76982513	73162856	45246175
6013146	17965649	83456125	36121072	33550616
91155626	61501421	7151498	57543283	59611742
81294772	33015884	47929570	28501956	14232652
10429984	84255783	12862382	85404474	94747697
28560216	26860553	37066785	17082715	48859960
98542737	85804801	64518161	88868341	50563874
26207668	2226531	50390644	45353728	22086369
77771981	85775691	86041581	46254098	537403
75202315	63906708	18355681	17816637	4746379
44288840	25141444	58851778	12845961	85650080
25842261	88917651	15020494	10226047	76382818
65500077	33067445	97985137	69110946	70028404
23703491	37617104	20486777	22641277	77878763
83760718	7859674	29474371	94570841	55905317
10796102	28873576	95858783	52555665	2500163
74105942	80930095	12290911	11603163	97835256
74495789	16056002	40005067	37954429	14409120
54637745	27258282	15411470	43492754	7517663
39768577	72390908	51279338	32911331	79888864
35922697	92766380	20528747	70354881	83982143
82176626	40938576	54068524	97342683	58562159
18116768	42215478	93098480	59950708	16042867
19738023	11357065	41954506	87434289	70793282
29567450	5444088	88054030	40410868	76383972
4701317	62890946	41015921	83309503	16414998
60558267	62530904	15448935	72357458	63255089
96276773	14503415	51750369	350339	50701058
48960824	24901522	81814804	51415455	22780106
81081109	21315036	88899467	54048929	26324596
71186231	54740065	28258329	34995648	75970808
2970297	8330922	89881330	86168292	38720458
88516683	24645640	61387370	58448235	1421275
24604906	35922235	92139211	13461902	41136196
34323776	98854862	66753352	12151761	62190700
35439277	73103907	75272279	57682004	56896337
28392829	15376043	7046542	8255830	17809247
97996926	31758448	68098447	74095160	62896960
76087617	72549140	74318757	25757063	89033498
45754078	85815978	24517493	73885190	51045680
5769151	68816949	55577935	78471188	3091147
31242877	3287847	28987171	96053554	81241972
8897333	18349113	60058429	77770665	26788069
59223645	64644183	61175085	47718164	46045110
99817072	15532180	39219501	23351215	51110756
37320310	16226667	59988242	33124650	69482789
84158439	26975459	59735979	10556584	58160174
87633509	85897366	11881321	32152991	46208786
8147616	72170395	29778860	4122486	30700644
65971045	39334985	92415277	13456224	94807675
24913912	59556228	78948866	60682636	75570205
83392710	89726248	99830016	13134432	96121098
15053717	92349221	59342032	44943326	27731673
93800679	31778333	77327490	80156845	17057431
95829110	95312771	30949177	13857595	2985487
50664171	95058750	23190126	40013919	27587489
61940128	26416147	27989459	23742715	75248764
60700547	64683275	7970376	65539623	34874770
90218613	10007714	19873426	70977470	70489241
69273626	54561863	32777475	59562008	15414444
75649490	1668883	60297432	11302502	1865091
11785964	13597059	92840264	98768579	64734951
37365781	6311846	67579458	63908838	91913206
77747583	48500855	24891824	53898028	67209294
86440351	21219592	33763421	97627850	88394253
5492182	43527385	44877195	5671766	24037790
84805548	22692503	8975825	36126868	31719537
14319476	44534337	44132517	26136664	76983522
26101919	73737627	694477	12182582	77976607
16063032	55119412	2643577	90930141	88603804
14082791	19273339	6661497	61613756	97332001
53321073	68757265	52912192	23597059	36223441
41223099	8762049	8453680	68011176	67830738
53147922	59909703	21546586	51073263	39963349
60490198	1399393	62762784	66456089	95917851
77802750	7113203	44741149	22597809	17498620
89044506	10332817	75218126	90922339	20665853
94450812	65905787	52161407	55917549	40072732
40242759	87614214	642585	53725951	54427847
53458851	64928260	47684113	85559867	26659547
91395648	53891937	39965742	8810767	19116459
30325478	69053478	86305943	94189131	7627047
84035576	37274114	85456200	15307289	60143053
19383177	96704061	99333387	53624254	26865756
13227476	36461384	39624573	96837211	27397128
11181964	61471769	62140397	52457434	18626737
18400508	58821178	59519626	4120641	169931
88139502	76560751	60358955	42406966	44422835
30512200	30479664	59697102	86439746	11949772
84840401	35617363	72155586	62370287	94788424
21461730	13842339	98620035	47700698	31110487
26536639	45880815	51956697	57789851	31091533
68573522	23490433	69573387	2120546	12357825
95855302	20081860	14106558	59250775	54983654
32664935	53604591	68797331	96192004	42676845
30360656	6132954	84484924	73551557	96961157
59292002	34289176	40187620	48326794	80411923
32786021	70263153	15158700	68417794	76136810
44103597	70225932	54662930	8878941	1661300
87947973	55957729	2276731	7494434	68188793
9397443	83052680	7970144	81867564	83592858
86940555	92110087	1487111	94203477	2244051
72071438	9312116	33534682	26091681	56855125
32573000	65044970	35701086	64643050	93133275
68438914	37584085	85080873	85006882	14966226
37449516	76683828	61964215	19877863	82475036
56378922	32717846	16052523	11029995	10377748
4982944	62782793	90326002	16158432	65063953
70842245	61789854	89030242	15925339	1307526
34659087	58492130	31089160	12040081	37331108
27966882	68312554	62566032	26326788	73682867
97793991	81928501	97841884	18600846	48053805
2607981	62723119	93867672	43337730	94099031
70384460	16080445	50913388	55903664	12050894
78984132	57892404	49188751	27008192	27332984
82757865	16110422	78634	69219334	44378257
30482311	72862958	45765657	65532813	83617181
52028198	60427281	80843750	8959414	66638434
62343663	91378505	64771931	57071052	33113571
71799029	54128543	99779433	45268486	10459145
54482100	96522169	83593184	93278914	75647730
39869421	37413127	65154247	83416398	51126696
72810622	87708190	68294797	92318946	55962686
6196455	46697729	52445559	86721469	34467991
3261019	60062063	31793282	16793977	3944957
97751848	99102557	94474593	16020009	583550
91028288	32149807	46382220	44204703	5625173
16369112	49620978	75640943	1302567	87317834
38952290	44646823	50062952	20423898	99986449
41394305	27276346	97703583	87093790	49408891
15828487	46721555	74610716	81518607	16046957
49806868	55055983	86757014	79106587	41692222
30336345	86586817	57596474	44202474	98150384
69810219	55420807	54221409	18524714	20425078
96665444	12335567	35881271	22964112	26314263
71846158	98855882	85249209	7441808	8923001
41414512	59629553	41734198	4349515	48999590
49563685	52900934	71386214	85326395	88710931
10127494	10539863	35980529	43063629	16990163
97031914	93599074	54399564	91474770	88994459
7274333	40304590	99619857	95800475	13635524
48426839	29610028	4196985	40268998	65539808
98442542	33655614	60115106	92760016	74630261
79090471	47411183	81911000	54539641	51424421
54151554	53325465	93271861	59789903	86989069
30260722	51443185	59234314	64790624	48156435
72705336	38194629	80747903	39093529	86031381
89916304	86967961	98976436	85637978	78248735
12503410	78840106	69313254	1180899	69025800
53216172	37408924	73977920	95931590	90116767
57727368	4843441	40724044	35591446	80130104
81035028	15892510	91618855	98551920	94204659
2185322	85743308	41635194	73888235	77950608
91561786	31836110	72495488	34334513	17500386
3646733	76400998	23523810	54820016	32218976
4868950	43009491	49024477	22217092	27955714
39275549	14514480	56902611	69261077	46118472
1960037	3755261	64891636	21896446	4827665
5282449	35908182	66190885	24585767	7654287
95536398	70516353	16720620	35568229	30031524
38923773	70536015	95853221	55397375	86780405
11544517	15899871	8523365	73520858	72568638
61749266	9734692	93623296	53334675	25971924
63962414	73935149	62241885	88824265	38625675
74427203	68766612	62857212	14858798	44742544
72470462	83221555	44550579	99356606	10064866
86674224	53487141	77634516	69067482	70933349
40980777	63089210	84151679	32716977	28553523
63120205	13669649	22104646	27560911	70259551
94937335	96205829	13333438	37412405	4002839
90902624	36330897	6255467	55838032	93694129
86648502	27331132	45684206	70744488	61684727
27354769	13804734	21997730	16294105	91224259
26449799	93241856	37302203	80898421	56437626
71628292	18096903	63221737	7087808	71613065
707220	17676204	25341492	79349609	65169679
60087100	43623218	4854305	43834302	63307809
72220841	63804198	68652866	35804366	34028095
44010583	28372588	7037444	50673351	71680370
2099611	20697210	7319523	97226051	71369681
92738601	51148563	8962258	29561046	30078594
11597512	65731293	71919340	75105433	70136398
59501544	86119408	64414530	58667404	19605874
30861694	41388779	19724282	36484431	8259949
65215228	96886463	56615130	48680319	23810401
79042360	83326084	50021488	9688200	2027237
20447710	41453222	10392741	42379825	17615763
25800828	60494209	505858	67931525	71103270
4674177	40725850	27515709	62317828	24994476
31293131	91381170	21412206	56462816	60872349
71798303	56305198	65607839	62346958	94512054
60628061	75228224	95455800	42310276	34439138
45118500	9940153	44594326	18748121	34952282
29461496	60964602	38870805	83842050	3566395
55185934	15043118	24260540	75048585	5073272
59229091	68982051	62451329	12372930	81619970
96449218	25013543	6581168	10584746	60574867
88482428	22331534	31955115	55759441	33290732
84674696	60511401	78452634	54778187	66952676
91020225	85011093	34978000	8047532	47167800
2086467	74733427	31087525	33718269	11493850
77208084	32868662	29223437	25806731	26885458
71903228	55536908	94087882	34327676	18656806
8058010	1209045	68246124	51796114	95388958
92825420	69629434	88086116	78167888	88075515
3066453	44108026	93592167	34692465	24345576
46656315	73481112	44670728	19740196	35809156
35391718	16570900	6335767	17300464	71467641
53236567	7548903	32219202	70317132	24979232
74998568	2081344	38057273	73304330	29792680
1133176	45928040	70963595	83659067	59242311
19589085	80934969	99562531	33671092	38037779
95963069	1089082	50587286	29910267	7867310
75282681	56571098	57217458	65817701	46754716
27173737	86092073	13640978	13127451	48538579
74695984	48656123	63236247	33485309	72929639
62238299	73768374	50371311	71967370	86998542
31407474	45806875	23618285	14362421	4496056
69666669	38208660	82354403	16526184	97570526
10459953	2166012	42244527	78805440	32124700
68568140	69566454	68887495	64557833	24464980
81369861	1965585	88549589	3327183	68646988
18359331	74155135	96588922	32906244	45232382
88653718	71120253	25253199	11262979	56544541
18016326	66849152	42871887	55708536	83632548
98213032	25504019	12058321	61273033	90758905
69913469	75834789	76304543	19704305	82461374
10410539	22831115	20757835	77348849	88555958
7273444	12187480	43072977	88718183	94394339
35634048	81272285	8231904	13289622	62896254
27301429	24985146	1097502	82242035	4692080
93084968	89480597	25355525	65143847	22666634
33434741	92883587	64028124	44380493	2358583
88856427	53696745	58603900	71668583	33366119
70012318	67714664	42978616	17331456	16576125
36487842	63351310	11064920	83070297	83228915
20711608	45661529	44659085	52490065	32934522
5271032	47104012	71688437	67378825	92164081
15368180	46795364	71522125	77255200	50324760
33865277	49330886	84137808	39887735	6337729
40271319	71099059	16431237	76952975	16233189
70790291	24719648	57340279	15499850	66747055
71813714	52940941	68236863	94656412	61617267
59131446	31323655	20851501	72215095	90162838
72629379	12834007	44355910	42142657	86015583
39410782	89202995	33365526	7737773	68483979
40453255	85004081	6222200	4088688	2586697
21596881	27831764	65976906	33678303	14502034
625630	42814876	67123851	77146930	83243244
25007078	21417642	96736661	5768780	8198650
37801750	21364817	9561344	25399778	63647783
24910001	19215543	64314454	96313030	40119251
50799376	17747339	18927428	61617820	62558760
93111401	16382341	60317492	89761421	18287246
91143399	91073373	13731031	89440180	14796240
53269169	47374466	35930098	76952779	40907888
73462559	75864795	7365283	14249566	87021485
43974253	75665004	90248059	47224779	31133952
15027746	54001485	73659668	73794901	50925341
2986942	36488128	71127134	1109346	46534096
85394610	75372573	32021126	81105435	79781423
63022628	34528010	42208642	61009865	39841278
45627393	83078732	34644479	31543990	72466983
26682038	21538188	29345669	8475286	6221020
22514430	62244959	40414961	92032434	63056885
64398940	69655677	3732295	28250192	87318669
2206343	23464368	96033967	72174530	15224402
62149461	23835198	92537489	99278906	44180864
13467851	69773272	83917	5454868	53758827
87687682	50315225	15744780	11703426	78013939
4991608	3252812	56993554	1432414	50585269
21893355	21754885	74352136	87451236	15238560
91458652	40674861	70314071	1317054	92842977
58346010	63005023	49106846	18571514	28550286
50065933	78506425	19098538	3670886	16051447
8158133	96169501	79022392	14712802	72689928
45326670	7647544	29320966	59556227	39853927
57689771	34923257	44897792	23041596	85623326
71076739	8979800	13695950	74791848	66119439
95706316	93635562	37983570	80832607	64785491
89561802	55134130	87829596	50046579	9179904
15215689	79899004	30900620	98655556	57213098
79601836	9938885	1693814	18399106	14505838
47195698	34847023	53383192	56035517	66473795
12912614	67168238	5019528	27925385	16636890
83715316	44562626	74991762	42008307	67604827
87731246	51774896	16444209	63363703	75354034
63612185	5789389	7192957	42404549	79069736
4606120	61621767	67241840	88152334	88160893
74186690	1053241	68136710	67837018	76893753
35528952	81611629	14046324	47055950	95465737
48678265	15158735	8692679	7454760	5693948
19215930	40658814	35417479	18193010	60795015
77345566	71328430	22575932	49165542	65907014
93957041	37633235	130653	6753201	16221624
14027027	23029130	23987543	50107134	67111274
2652232	69090836	53497602	29651676	81510429
8186764	59482502	41547944	50872593	81199425
61677555	80659408	91152422	38203764	46954892
57707108	27858738	704512	18425723	83379548
97558580	42884883	53335012	88794949	83513866
67303504	60133729	27286166	50369335	99159935
8406955	72010620	89765342	29995484	85199699
89417390	72703887	71220555	17903587	77299902
96742032	93507274	38443723	33736737	89154716
85229088	38786372	12872679	77858257	51073950
46436010	11069806	57686016	48413870	82365640
98423290	42515388	18477342	80424013	26562765
11934669	87848276	59981792	83824985	84130501
29843555	15278591	60637197	83980265	35266960
89196268	55495267	6675752	58716762	45336372
61437971	55444200	28310343	65646956	54003958
94459565	43081011	8073729	61080759	97008248
42907638	74014835	5287785	85042800	35103584
66573372	95409162	9777032	6625686	79844971
75737119	88748951	52822170	69174231	90350584
84483069	9935310	36693815	73157902	89021806
72988638	98381618	33062306	61131598	86578642
51356708	45984318	23926951	79552684	94213305
19598134	72656299	87071078	59009920	85208534
29106368	85051768	22180564	21603136	81586254
55463180	80433691	82082055	14843019	95045815
32623823	86591482	79582881	63799313	22281670
17276871	70543911	31990294	29628834	53713745
30076547	20606955	15340158	47495209	79563529
99254775	62616350	67103462	63705788	86019815
45618851	57744200	8771173	25358168	89690961
3104715	83753024	71694235	71167433	12495170
55434266	30010360	75037744	94860747	64437906
83778408	14655871	81936036	30330354	12110481
82445823	89441130	81605825	63910179	48168340
34632788	59775586	6282757	90651512	55385272
98246205	31902071	59974864	52811555	45187525
58066512	46655925	52700031	24773461	65684952
52105448	12885375	93860362	83772430	89236657
40343064	77625199	18658387	21994526	19360812
33737893	17299724	94265550	29896305	74093042
71191291	41133752	38340649	69514563	53897693
92439873	33149468	62373047	60874131	96260895
58093293	98206660	46832207	34384177	9778263
64325092	51916331	82840600	14724922	47132315
93844862	37638369	10226475	58909768	39680836
23683149	98389488	50028359	50847754	90332305
38911739	14565256	33451053	29367742	20986951
22568653	10487990	4439912	76479171	31988847
48702384	58759822	21632235	51849980	19262275
25800884	70310910	55985921	14145565	47483157
29192011	88455337	45007094	62250118	41460533
38942507	82582733	21422185	19349039	45141873
61076654	61991988	64190373	48215165	25924754
3370101	37154944	83297477	95202195	15745739
71031012	10715663	6629044	83350680	67657059
49314468	67056511	27460105	93551093	47239072
50638145	420073	57669171	35814780	42699239
2938183	23342776	74580744	24704347	6405264
43644795	32352492	51598810	91161520	98268897
1848168	32295420	98385890	74649790	52970921
36368460	3760132	60847111	58291959	66084596
25632987	21194411	28925777	46326410	73670791
34884482	73732363	49176283	55451470	43221503
93616438	52193111	15079725	85673010	93102942
7062998	52209373	22663645	31227305	11738333
66546465	16219251	16751989	1519255	37355149
90830551	56800225	60579755	56555935	36010788
86252381	70757058	30018850	96377425	92487678
8699837	51513024	81550427	78320468	18611981
95868584	91676729	55341398	53869877	6715649
65847552	40141137	37726886	72950019	22473477
21586846	74319616	23260836	55329969	88460159
26494950	91927266	25349531	33359653	71896094
35861908	37850916	20263127	11008128	33397947
84470909	55205384	45968981	90390172	99367609
10164118	39704338	35605246	10759777	16216942
97621368	94542614	82361093	3669213	61407899
38667668	49828253	44512645	40825020	7055769
94736350	19555541	84776063	48784602	57538477
33079683	99936327	50756395	35679013	57605570
97371188	89952185	98647940	81048242	91351755
77009471	65642404	80288341	35020205	20009445
49890970	57563873	1873865	73708849	36600925
40256128	71328316	14808166	88679370	35187107
93063940	71819599	6088718	3281502	34901966
70664352	40774029	61844165	10980256	62002929
67651754	20978098	71706016	49106763	58964581
86472871	64281700	14021527	41913895	40714994
1688300	84922013	28237363	4303363	76803050
80153764	57303856	55066440	48994019	33921073
6171250	57038542	778539	90600863	94536503
12057452	21631109	3146086	25415568	59873077
36065713	50682077	10520915	18620923	3823728
34737693	85780267	91551571	66537923	60567657
14215109	45743254	53611782	44663298	89002411
22830877	20228708	30119171	79566372	64597588
80720531	94042601	83461478	62412650	1201763
60432097	10105202	20696035	23842016	35206176
50650176	14994186	3544928	73020791	57994283
54955275	22025818	64812	30112855	66204374
44444459	70307116	4437101	14709041	99940700
63607249	43121260	44667853	76081166	64286256
31310873	28410682	55303749	53350252	64027895
32573614	17183612	32315666	63319514	64204024
77676885	39797812	42149516	45255467	79691310
87828056	18474206	76418884	82516919	85838632
51082593	53330827	37915183	53297111	84762254
39912286	24184694	94840254	80842786	75766347
7849994	95744891	49151752	90748351	9348461
10654919	37936676	67073452	42009020	55165971
39252428	63415197	13585235	30936282	88535212
29792071	62338673	97917271	20994242	39970182
45988032	4842067	1653067	29750699	45767943
46718779	28761081	3973091	40843394	37958653
41679985	35571847	96502500	62771785	44667235
71511256	45078608	73533568	51137709	3414807
2275318	25017497	88965322	53207359	64947420
51519622	30033830	94912390	43121319	94947099
24442577	23866251	94400479	37094876	36710152
67549429	11889104	84551287	89387904	18549670
8371008	7869916	65577664	55379955	77401302
72842111	20334621	50745009	64124581	5400332
14104714	62313229	91344984	86171213	30698606
99420291	7332892	38543981	27759711	98407011
90286855	38109198	20459976	29541285	90402462
5909003	60025343	33254071	59271808	28753628
26902283	32630760	32256578	11135693	23383541
50384144	2761758	44939310	11707325	67511162
60115081	53395031	2483517	58196134	61085101
91748216	54181885	68417589	48403594	65056603
72653883	89741666	4790907	78532902	31824462
43070834	64623394	48697322	46831301	39180042
78382342	4387156	82210495	19027395	10246898
21437287	53913702	34792787	92365987	6374137
2575432	88999551	9189693	40995078	72360944
18366567	58177614	64061200	44517153	34616923
59426961	4042461	8059861	7214810	23150954
42513817	95743649	73446227	24326534	49947875
67738877	94081351	50988591	90172296	32551526
57079065	50663984	69510772	4721946	87510968
71053352	97227255	37810040	93349368	89459824
34018408	22719837	11315187	84458248	93715457
26962380	42566568	17178064	1008370	51032163
77172959	84464560	57912743	66458756	79143418
54135109	55544544	43411416	48003275	94568510
17691795	43219676	28099771	72129026	54355712
33998845	39820959	85550480	62667999	47562826
18159307	25294038	55108083	81530024	68991730
75697316	67652858	49419702	13195562	50602718
36661778	27642553	59033456	43193508	70603278
43116078	74334516	37471242	63093727	56822063
16742257	45828003	76233142	66607427	80448695
46467430	7938997	57769750	59848119	72493141
54291894	49216021	32167550	57355822	81063791
95777117	67942139	34833122	37255563	50754747
22493586	75254181	81800455	6164409	94059407
44628101	14380015	75347417	7656962	69686096
38778449	15157220	83447984	85264068	92191231
31414887	24280328	91685269	38957549	83350013
1291661	55810078	24146379	60113352	84744837
43938460	68259988	44247812	56978097	12704697
25119958	80008294	37285610	86742904	9727540
15465004	86868226	57031464	49195196	60987465
96171166	5988485	33850089	94766616	95567496
86655462	58597345	355512	51631394	77691644
66483849	50626040	74147035	34992015	76074249
46922695	34705493	53877980	33329051	90926431
26564612	87172	98020413	20165733	41488242
1459097	906272	83023704	79360981	43379738
99590757	52855241	70735533	88298329	93334018
7436692	83343420	10389114	99874422	70012497
39244411	77309579	99551692	63313265	38885643
54917158	68695403	3299635	40922476	27169491
2181229	79030314	3003456	71607904	85034444
28333491	77223218	98079823	63369052	80554362
92160623	34494256	49892221	40456811	9803467
88705460	73052793	49427998	37790773	51761350
58376642	41926013	92418165	15726907	22892501
20303323	75884053	54409929	29165370	92169418
5872463	52545777	78117173	4421405	73932939
91599166	74438089	45743937	91406560	2485247
88678437	33889978	92918256	71101418	29541483
72676263	99507296	68341037	54244316	9299222
10692753	997457	51899198	56915198	62409715
96646520	43651714	64072820	89205042	2708466
40382055	56241860	41571463	94115285	22724614
14427922	80968177	48909500	1428217	70626643
57768070	22314432	56919846	97543867	18199706
60931713	4726522	33882527	2458931	43674669
73319376	98936533	56127793	56943080	53399750
13730617	69675355	12131373	95698869	10422508
44019732	58961734	42732111	29965971	43278173
63596622	4249032	18345400	16826829	10822133
74198476	44332048	58188149	99577937	77535462
75649009	80930661	56848666	49285705	12591633
12294685	52169098	44929801	65037837	60916013
21639345	83600154	1223632	69606527	69612870
46180035	31541725	61260879	5055453	78795273
84152429	36125556	94974485	53064399	59274810
90557123	64438189	12190345	61279763	5918141
74180299	65617091	31470754	44621192	48043125
32338639	33479253	62621624	56427064	72221022
73806668	64394924	97262025	38933334	54032836
62165175	62482824	98830732	49337048	45468097
43031927	91595778	48963641	82668078	12802517
47987712	72376111	41782806	34182857	30183077
5572970	62075512	68091832	73651257	20818533
24037393	15717373	71354506	1330129	24683365
36648295	74376639	5090760	43962688	93236104
96588860	56974304	19110641	12348572	67827253
48619202	65588392	49688182	29731971	94391193
40726512	71126960	36543630	68298448	19351734
70998295	18553169	93074689	91455624	48744001
25600554	21226568	73469894	20510	90572577
14590447	48188281	58020724	10803891	74700104
72351311	2464725	25227310	73360396	73901674
61414343	54759390	25491151	78270331	89874635
77868001	60585906	99541732	71723051	24033602
41320492	34954170	98403432	27092030	57933460
29080237	65406157	65075955	18065333	95866599
70136287	29807519	13752372	6421168	76926818
30656464	74962636	24527283	71956800	26381565
71694864	84039422	68042461	35061372	70365307
8341657	73688093	93730125	56697619	82698401
44870774	6354945	97017625	73508151	38621506
33498467	87210669	38783337	73213164	81494873
40540327	41141229	89522014	66890704	16071824
26970851	83980022	38205837	25499896	70395474
86915085	83341994	23806590	77509366	5516270
57155551	30983407	32573752	7778140	82575538
88645053	1128159	42995965	88041893	98405033
73790248	22281195	8082450	33411948	72243678
35503846	54962634	20886632	52333581	27758418
42141661	50717596	36930224	95664789	17025654
57998475	72813660	96301574	47491509	62786684
5986417	69461914	51583015	45503879	55384725
72374257	27100788	27957891	44604021	1805006
90409146	20233506	55083286	53869725	6421802
64653579	68889844	32614401	97225929	84092395
13001896	2459037	2944782	83448924	15254058
44053349	52939900	14742844	91191525	7143104
79615335	30161986	39388912	10521710	28782381
50314582	77532422	17625466	22316579	65029504
79613843	26198177	28395064	52623945	37701938
77433564	89500849	17750933	34956118	73339138
20506176	67156760	6797025	86962165	59497521
56685047	13578444	80145591	29030021	76551766
25025721	97806401	37453946	89641790	24995475
60796945	48563034	6040510	12440648	47473397
21203166	40532939	16370364	13731278	26242886
9559275	86158449	31507499	83866193	60946509
13519276	20623031	63942693	13882866	2485322
88349959	43742331	31813756	64016376	79026262
67611112	54008959	4712232	47433033	94246038
86848423	76416547	10751393	97605849	48764296
11253827	74487657	2316456	64180048	73392253
93223808	62722500	24995867	761979	53956921
77164080	64582064	88633793	34660721	28824668
42561453	73172261	50468670	6048808	60865181
19401907	23967116	32006944	8196553	81249367
10545627	60967188	26088915	62204454	83259413
80175550	96195316	13875336	71234239	99373586
99431178	44922859	75228792	26499872	41344136
75956889	48402073	70710168	2701340	7827845
7802892	91793350	2276773	14244875	72423031
50370331	49065950	68694146	79876326	45622649
28550619	771576	76612047	39532049	80728900
30523423	2107928	43476157	58616350	72459056
43239850	84178825	93389282	27541831	48588895
26957488	20139154	60912617	23744673	96711034
56440607	96360463	52726670	7782303	77665455
1002349	2497168	67607019	82490745	81935654
21631803	11248168	42269476	24860008	5549104
47296159	28525349	43335898	54656570	627842
14454543	40478235	61803458	94525361	94573487
65623388	81119220	171833	46054831	79450520
80030773	62685667	35157045	33661948	80442121
40533098	67246607	28033736	70121824	55300433
22994405	99016544	96994564	33751384	93125981
63906070	94842011	94745231	58478836	25071357
69643894	36717856	81191421	72970436	58673802
31196687	53423813	43327418	58648125	56571302
16006284	51484206	77234022	96430987	3595295
44745496	19857255	3923396	26066677	70162088
76183007	82228884	7954232	11296875	12734367
5663526	69754243	40217946	42089321	57207860
55899305	28578106	67530006	28897676	47000917
99897948	87061583	14323620	96941325	12742304
92040265	66811956	71510839	35158654	9323013
80831651	30804153	38820316	61447657	49239776
50224094	41534196	47831762	93640375	63514559
33942594	22634221	84179715	36852292	80815636
40723123	50122334	91159465	34835329	66024615
15915782	14761447	70846709	78141612	63701367
35284306	19552987	37881519	23714667	24460217
50944973	58402036	48412677	26169265	66871275
86666136	37615829	85073431	28706611	24464799
85964460	60256649	40154601	50664005	45368482
14792572	37684802	80544681	78872656	92223438
51512945	62877054	95948865	43384673	57209820
89426017	37280068	50231435	99952236	84081859
59060664	88578064	99987497	51695028	57593817
25498165	5807049	66770404	70869567	63096727
9431446	72969019	95579466	58718596	6762
16296220	5488579	98737933	75230569	26660813
56066992	64709187	81813154	286256	46037376
5043291	92100550	91335755	2756036	26328257
70000307	19315570	7106517	84410818	82886434
2530166	67028849	67784214	87512030	87169174
64489926	83207914	93129121	90083352	58235537
30840731	45216697	65084612	48737384	70706727
48800178	54217355	83433974	10265084	55306686
35522259	78012607	29193021	64156104	45001372
81535936	47397266	97383049	95837525	72733993
50773345	74383667	84174225	82803871	81406027
69847100	17399266	83372447	88954709	61168227
86542634	52209069	80019892	54158999	98753991
17833849	34011027	50957664	72844449	254736
95016151	38097253	6657944	11033780	91819376
55533135	98721299	63124561	19709143	60806212
22847644	96858818	37161421	42380780	65282999
80035318	72387362	77035767	64641267	495188
81075242	31594253	99253652	78542998	92277531
757514	43304964	49524849	84145600	73419906
95262265	52007809	17303830	68682926	80688286
83620968	24322160	71268080	31624234	65147771
87397112	77022808	56942630	93702879	13706018
67422132	87463182	53183319	53269918	75356264
92305915	32199088	10403368	96867999	18614296
91589509	16546431	17311368	10594240	14805430
79804443	39328630	72271241	21683105	59305307
48694940	59973647	71936628	26118332	7952359
38736361	17189482	4028211	54469067	29475616
83633949	25605208	17294237	24705769	33751507
31657944	79749743	39754464	12282569	19113416
29239887	88667356	74203766	77820530	10107756
98164609	47466174	36774247	88240798	346326
33362576	39144117	25606969	29438897	25249229
74426339	17674995	49467553	17646472	38317921
24865119	73596517	79606083	54998512	55714777
20473555	55242445	12830074	66688256	19078007
22316512	186140	8328295	39555400	29178022
72922343	57675687	65925427	55694416	51982214
20568841	5600784	55296564	23750064	60724077
32048976	78121604	3510065	1870037	72651242
11145187	60861293	89197444	60631664	66860321
76429942	68815390	81887666	84467100	13447525
68577263	26307606	60710611	61847843	96625543
23798190	82245472	438007	30020660	14549095
1414515	14541456	15604931	28463772	86548420
37294541	30690301	10131527	19698415	92888233
36266542	79495730	72561854	21342275	64691729
37256612	19718912	75033195	42561647	20745178
15675062	25440265	91195533	47439101	41186534
63144589	76997852	97068915	27721608	35666309
91640521	34096265	53081314	81903370	71711398
25957806	91800713	34356595	52679382	54359036
98893088	3790392	94981822	1827327	54686146
89311636	53620968	28458757	8214794	96049127
71350311	48523949	78004584	27262770	39347401
2796306	65912934	39724324	69986389	4231206
60184164	363397	27022315	70020062	87137271
96603849	31897252	6469338	45829043	69097917
56722694	30175453	46142853	59051425	17784129
47263344	69510550	2306545	18709749	61977277
15775359	18705434	42692235	8192372	7623964
39274971	81947823	73564226	59854095	33806149
45886561	94632743	97226000	45147677	70934235
22193920	6295600	89013584	29287097	83850604
83391302	93962289	73136779	18997098	30511415
20072606	76486689	76694299	87997464	47319064
66832282	50568253	71782321	83860525	53305170
25724006	36052433	44665103	53244109	57079743
33499148	63896811	51848432	75963896	37557699
17139483	34075153	29862141	87625330	38833324
47073832	34182197	37123920	63982242	73091690
62901696	89913299	56539728	45670639	92654478
81180	30501769	95030845	7878738	38430860
68247197	9341634	42031673	78956940	5096321
11994967	46694330	84867921	64314910	26854635
36459576	29055449	46284210	1730399	7894813
48635378	98079860	86048100	6758393	18812372
20636217	31512568	97785321	48027635	87402394
91152625	13407126	13219322	1822926	74276786
91092808	52660138	85468877	70295358	27530653
66422532	66913831	94601595	2220752	77098603
5838190	40644592	57985605	86990947	41149067
83247076	25409189	19260670	58189642	14373601
38969426	79362457	42656177	55986208	88626534
6394629	12517643	81513232	1967343	27530761
94875678	12912985	39832815	26474098	38741097
87094887	9942562	32926777	55498715	69108289
24722537	78682032	94097845	75880146	60777548
64053858	44953484	35596152	53940511	47347209
2645120	64848315	59377978	74928696	25112385
22587553	4628664	86434513	25007380	26153069
84657455	74920535	94462663	93556810	57871693
65701663	53062296	10152467	20222080	62787235
28086520	9508071	41528575	59393932	70297122
79817640	98384891	68462075	5031960	68915797
33426697	9618848	39620999	5370941	3549480
69290219	38066895	33438900	89589509	97293210
86009100	34107444	84270619	41710618	79061111
78654932	49713367	5406140	73972298	69766391
68323451	96683520	52758867	92760618	23980518
91622351	28967537	89293840	86082882	66715132
57918959	8514438	6198204	56388557	24482993
99391652	38735452	53869910	79921285	22839334
74399314	77494261	52341623	11649798	82020574
40382203	18550484	91631200	8214071	39637911
66348764	66754219	5907071	11533044	20927447
65512780	70572164	84403302	32126548	87943194
57664491	46869587	65657436	79076057	11933533
73234538	10293063	35464522	89244831	57567205
41828681	35186514	575101	57936480	53898912
42355835	97338892	45342568	27858580	29891220
60685153	10260865	65651501	22999071	9013365
82573705	76880893	89962477	36223066	48003115
14276137	82760589	64588502	62371892	54095639
36651947	88509355	71564359	95387431	86090726
72946461	48471119	61424693	70018190	13330417
88537785	64674830	60375617	91763815	23310008
40898006	98170377	82048372	89706090	46242334
51867244	32498495	44302308	47161539	66373585
95227672	61933584	94157408	99150571	97169571
89392214	3729630	87578006	89032614	63582471
77512499	48193639	69038881	88811966	74870202
2718539	8414254	57277459	59246105	89126990
71269002	32475695	69998221	65189299	56157397
5482402	58665230	96648936	36835709	76274885
77680998	69770689	6340938	79918674	47866074
74443325	52284252	86553744	52868838	41607838
12393384	672940	51673036	95259060	88922458
30449224	68009751	17839105	72757075	86182951
36582402	75950725	41795442	58025706	73961398
47878977	12763046	47849401	87045162	62524157
34833322	48062753	49205403	96426521	96023501
83762333	66758117	32306605	39879209	17416286
62140992	75159958	9903055	33109197	96212016
81320730	63716458	65160488	37188111	85020931
46942036	95432686	55147660	27276043	90414619
11928516	45093703	16505628	69564952	28590850
65484231	54683606	29981947	85671786	39164508
83105854	84488369	84045304	87845120	26829050
3897579	33016177	86067591	35350633	96311783
46635298	82072434	87638609	56689710	86775824
18644994	38926800	33640047	61069731	10702311
79410336	50108027	31919787	71523341	26984774
41326366	55878559	61921171	19301407	98193667
56686551	37890001	56365485	35032683	38737384
74813032	80800936	83374890	26793255	3450974
57460969	49654707	56377409	83231106	75363650
42546075	78575084	61677025	28943200	54292830
73089014	98879931	33899235	77132689	8502461
17760722	51739128	6135498	54371468	93167802
35683039	29829973	60709335	42002672	72327216
15515912	53147818	60630594	60014350	67754886
65769959	98671899	95906469	99376292	34923903
10900550	73661461	72844612	33179031	55182056
18635823	66547173	7232260	91814353	47923234
42206707	83579769	26375626	8169764	77740283
32729152	33458884	36513344	72672050	49054473
31088430	58437667	61833136	41162520	17176265
4708872	95734133	67567066	80812072	22997914
45223873	47948487	28415155	56122565	20297390
32669356	7550000	68253073	96523937	59519643
46393956	64304913	87140894	52186433	89333692
88747402	21794244	88090894	56776111	17537807
6920993	5087290	46387413	24820964	35880405
60657136	96237060	54239418	62665935	1574826
92022356	11730217	86049224	72767454	78202136
29094927	81312487	21986746	20007627	18801026
97376872	82642987	84485735	14838559	90751670
89106657	90436170	63986464	2761802	27746497
7453677	21657475	34039573	57051131	89587547
50692434	82340855	64125258	81142887	15659201
18509079	16843048	50770897	14930172	43914659
18464036	65228125	16589663	48407448	90767108
9336502	86444264	25718376	25399750	17560004
3441909	19315507	91871791	20795704	5159935
82292625	24435916	38866251	4240026	13857081
16262549	78951915	31219315	86352173	78939331
11073651	99068144	97808528	52962994	32526077
65853222	72054701	8249943	67472241	28449069
75565090	68873518	59528486	70682332	29869867
2882013	43402040	17857743	37488985	7255760
12291141	73404178	78617238	58477487	81862655
60950142	42615059	64262024	638044	20235640
17673617	2538239	69281678	29560308	93315305
78095548	39269890	12682341	77997310	92512036
83310780	6075820	7324130	3174793	65795059
37729713	12839148	37523528	10372344	46270970
69267930	32341971	75643432	79521891	91854112
87752059	20447638	44396372	88534693	63575983
51055963	53445380	95096695	61968182	61509741
72928988	58000132	71039315	93775989	85796280
58917822	33957750	68408489	77530470	47027652
21386251	14684929	13715650	25788643	1286088
27709246	60812404	84341582	19722852	13689807
3306001	72975149	91346265	3067073	87934601
54944892	11537786	8041095	20544516	49346707
69110351	54938709	20339532	33468600	13335999
37611840	52500157	52332062	71369436	21212821
44157059	56958665	84744788	3614199	76772378
7616718	14237751	20569660	32620313	38709662
6953284	76201398	36550511	61506397	21246282
5069981	56173404	16956509	10578743	50520608
70558495	51919919	7098424	32701054	31569565
48973415	57510228	57092490	22249872	45803614
65566990	71032893	63457135	75822734	55597224
9664805	88751251	21150729	46390196	47318301
48805363	25610320	22038320	13627816	16816851
66898840	6472733	94816306	62754377	2837864
59234981	30720234	66910863	72657772	96545764
77869927	47218206	66763372	88879867	59160960
98808253	47135281	60039263	58630078	14998260
9543868	38800238	32800981	65496015	70723548
3892070	11148121	75568829	12143655	59408964
5720147	21481621	46754313	70123435	51762733
2427206	23712612	823976	73468885	62566251
58425362	34762202	35465076	21494647	17620508
38521520	39513422	84269787	54364034	86884498
78773334	2439079	64046628	35627813	91904709
44635985	94970974	52496936	76350213	87839745
82196838	68785559	14768731	17374607	50801847
93588936	76625260	37666411	5288097	80310516
9543521	10937100	11241282	49802476	55212197
90561473	58882913	42578386	67678432	37858214
70317499	72288170	23367132	86492825	54518817
35464336	67939008	66417958	51007519	82766576
6316955	37491978	81944792	35148314	45046693
33404896	74023746	92179422	88561037	37068302
71529857	34580871	61954148	81033411	32810108
93949696	12376901	66124256	56612888	76115818
43511482	40158128	79533148	64187778	8996666
6196484	36634074	75544186	337786	36171455
16062610	68654730	76653272	89486553	40892912
46365885	43288504	73784501	36592351	97745454
1632142	27344456	4004876	76888648	22672894
60204743	2487426	23991293	47817184	90463655
86138315	59509541	96516821	29214805	6855967
66305092	91770923	73383373	17040715	72934097
45766762	6723912	27216676	55426510	44494720
1961265	5416106	79062032	92215109	2585406
4157064	50601005	37874511	59897856	4110637
96762684	24585301	25445117	99902824	25286572
12858384	22391688	90902493	90983596	19264069
82561319	18361518	2002027	26471624	71707763
1127713	80312507	3841300	10729869	99121312
69300061	14319688	8659479	18278254	39913803
15534779	98443050	3650287	41812119	65060648
42803070	99189557	84332047	89041243	53777860
49793240	59481593	59402052	34609258	38872175
49932781	65460730	53290217	25244936	81899361
2494203	22844642	20097299	9166766	23447565
43741333	89785117	45686571	30251382	52180174
10467277	70323532	36063145	17174471	35064009
6205623	4632729	3496503	1947565	58039080
47467426	87204794	20006827	90031265	90380475
92008476	55733882	56132524	11344198	51776175
23663401	50683386	14626603	73032233	25791488
20931841	30732224	93797695	49898431	71860254
14214437	87679634	47358738	56070036	68912693
11460769	83396396	36058658	78514235	42872292
99500255	97784998	5653909	83587562	65180739
79092035	80684786	85563117	52961042	97770958
86105540	13947044	22573863	79016207	2118062
46489785	63406748	35681566	14481945	55973967
97165066	18524669	10437786	33642067	35691720
15447657	8881007	85969938	14135866	14971573
66854569	95835824	64252961	22851127	13829777
95234855	25056104	50952556	22745091	24511235
9114218	58666793	40025681	68368967	52431424
13699114	89628593	36121203	70223699	54956729
36775266	21457679	58487189	9839005	65883931
99498884	29975052	37607598	9002129	28389710
51766157	59668490	30689538	46885660	19080211
38822949	46692862	96977798	37623587	89351941
73246907	26184771	26997471	51770582	41053546
68641546	96828831	97825768	68970797	73668083
95778596	31493779	80747020	23107019	70693044
46466722	49080855	50072559	79896653	54726912
8339011	68262812	1006184	47422348	64533726
77789593	16141170	18723870	99333662	21865997
38501528	7852330	82098494	47441859	58081774
25743909	25006844	27102388	48531520	18591721
82820355	46701232	68622976	58289207	6835168
70755589	15349602	54567344	36662014	60688472
65532357	98098776	87314187	97561020	95641388
16442137	71441548	28223742	19567249	86424059
16299699	34948845	16836275	42809417	4867868
80134719	61211911	60447585	92248027	15420744
9537772	25051100	70541131	69967625	81256683
61473516	68621442	96942616	64766569	5106078
50130019	68535369	93541231	87609504	50924913
54419133	26393962	57010055	75610972	94192906
16749145	9544530	77205220	59439993	64750363
36891739	31476488	70260510	72944426	39066349
28001458	71316822	80587189	80172851	78231996
18790693	96299036	55717696	26824985	93076242
95887558	16954514	77218153	59941450	19982562
70493461	75217339	26194884	32250902	14645708
4859149	80246828	6778181	96039364	71222076
78907750	16865983	39291773	7362200	8793469
22283705	24662537	85563322	27893590	51928641
69557350	78514198	66997111	23635369	75956825
18469887	41811164	68143296	77081171	17712354
13384881	68773197	28663520	67867634	772012
70602597	51210671	33429796	75385759	28697273
55451653	17282907	66337519	15587170	7273853
42834144	63087881	75484604	24927272	14435217
52528981	7526384	20176143	7007017	14066766
79858657	30254201	54167854	40025578	64386130
44988088	97907534	91012499	46258414	4008715
36645871	36824787	53740414	60943584	76499958
72720543	90287749	8883979	4499246	58828356
31023465	38670377	60305442	19627562	48271221
11001894	86298181	23800535	80503161	39401911
86111811	70134456	76080120	5878504	56074807
74105340	54074774	62132002	27803614	71759553
39379603	99966164	50392051	42242595	92965474
32323312	75604662	77801481	35783193	7375183
7087249	4255815	14049713	98700172	27965959
72922661	9094168	98518540	96958186	4987058
45200505	37396840	24701794	77421617	65841398
23765117	63213466	97375353	9902150	77717025
20444821	90513533	85461450	7263653	32033840
39597190	32598394	80464102	86994247	76298799
14840868	63529954	82074242	92181531	2326840
52369824	78777363	44314433	52889985	40707227
91152722	73190244	51392538	41389429	54603509
86711821	79814918	50116614	11739002	68540226
62538065	98070692	12702765	5090781	71541131
39743229	13505577	14155083	69359738	36934630
13858006	5552683	34095491	96790667	80594548
35840870	38739035	56005299	32884357	88145209
85050313	89481922	49679902	35859081	52259291
66908110	50946000	63056869	38346207	80143629
17543076	60526212	43580287	52522042	54124418
45643889	4899900	65410076	67956284	21900254
86100299	99387931	46755706	14366944	68594498
88161400	80333217	84269753	97985571	88231260
12024835	17865029	475378	850065	14906395
68255746	71694599	91758719	93028414	48386731
65281587	31510420	4414213	26421169	93599704
8026694	52666923	652792	73542592	23786100
5963822	36160379	58748212	18626579	22932155
9203192	97500977	36160318	39459484	60990374
63613035	50675668	95464769	26843988	92751775
51867194	23979852	81638014	70704693	643528
79724302	22666481	19874996	8099322	9199618
42666848	84713100	62220459	15873782	71369692
40303447	82650728	34577461	79734202	31689797
10868601	72384540	68037633	30093235	4335024
75060579	25337406	5115864	39682494	53932026
89745933	53355826	36291674	10855666	41215550
92877348	37084774	18558175	15757174	56425226
31384478	98083644	37297212	93051751	54932001
91925272	26507690	51209233	99392938	7268606
8909744	28616100	44730898	66532429	78358759
90025399	79075244	84984585	10077836	84612173
32372688	11172214	94636351	44672605	72344103
75045595	15796648	1383767	82173353	26311292
71129458	1319086	31727595	81406672	79875388
23111639	78667939	82696242	892209	47925131
37721867	21806366	70479428	2781142	53968685
9788773	61781252	47976811	86213997	32419541
85179985	2949911	97818578	16436276	46949622
2927555	50117906	33009441	80563096	68119746
74878829	2429130	11084967	57632590	51838470
55857760	23823109	91142775	28306052	49545922
30484402	37780404	69261432	40504243	31549466
68453028	98476893	81000889	68661282	84176481
28369767	1858382	739424	22929176	54907592
63352273	35448301	57145131	86196444	85633936
31033895	93470712	83658474	798465	58591921
6903649	62815444	15387083	92849639	54640819
11741718	77621855	9071165	15287547	13341137
31876374	76492287	58933518	58964294	62896021
59780574	18900990	83865378	2056518	73582024
92770454	87373910	87825913	52859338	87076395
98694671	15940821	96919388	42365274	33414593
72103623	50548556	91731719	17952915	57105866
92773996	42641286	89381695	22388647	79965635
7378464	39161999	57818809	14896504	96773638
58344915	53148918	70172610	4474239	22521914
88959415	31645928	65709421	81639319	29969891
63757793	94944298	82106633	97143289	78703903
73099042	87167702	33457687	80077282	70760698
65406216	11388617	13346877	52289229	79995591
56329648	49721432	41392018	70614818	76719309
24007258	20057641	34676221	60544903	78475846
98596608	23327839	910404	30621285	24243829
72445092	18727722	56392872	96108207	78244949
71255075	461323	86535402	7287452	62173398
81573088	95215923	11805958	92508136	48297191
1923657	54363571	71978843	9813474	3586727
51376334	17029084	54802259	30339366	92432774
22779601	3838044	62992773	16566075	35386892
89459609	33785867	49579767	79448094	30706778
2586127	17973547	53040419	29414140	36503818
56277981	49707032	62708816	70944616	55338046
22691988	8799545	17012935	15448449	61227764
40064830	41499189	31575789	37312779	97579638
22359177	818325	12186933	88733640	12254420
10441687	30762871	84819516	7316936	21702598
34612121	31752073	12872297	86312933	38094150
55184223	28515926	46206473	79339280	78726711
36722722	84750809	83178885	74842145	53688401
83576359	41355782	8479552	63779107	17357548
74442223	35159177	32835829	82928603	16494720
50745580	82316286	44110643	77794421	39978067
52884085	43313464	61915274	75723116	86839307
76941641	94388258	69884916	81583671	51211771
42683165	63579065	47107346	40663980	61160773
27854979	28303569	96201579	378260	443701
47316230	48835135	79579186	18045770	68991966
59401775	96741216	52429920	65948865	96972477
56459630	57811460	63881671	12562855	52010353
96912110	20262760	75042108	17943054	26842339
98126285	17533914	67939760	6302962	63357632
67908199	86967699	91994359	30130132	76981010
23535821	82122207	90624366	78587553	42321866
17785941	77868338	35493864	33961691	27184711
96683569	9117174	80381492	35400952	13932407
40387922	96385257	13030687	4750463	86981035
27466417	69680901	97708960	35312520	71836045
30194583	7918835	6047641	56099172	87384282
76061468	86948941	59409041	66479267	50696645
77335483	34836276	65860069	79843744	76252283
72228528	76434102	80467867	11561406	75508401
79111686	34578430	94029934	8107295	9941483
4618454	25989924	14246476	29576012	7546072
511356	51621465	5092935	86614356	43330804
60427832	5009776	55939037	20526284	97568166
99526686	527106	49417561	90646435	70741677
37528657	34139186	53442729	16325318	77188372
89671776	93215515	16053547	62331833	83982467
38504206	99679521	70226078	79310006	7526736
73811947	12978177	83719062	68251622	64651542
52165746	26477423	59294842	77163686	8935221
32119768	64504666	60918288	75294202	98503581
81379524	84796406	41658080	93579645	21304499
82679011	27203312	11178366	36324406	91477588
31368255	24105061	96130765	32164369	75658899
14862710	96891568	59697256	35320565	47273481
87385524	88000558	31377755	12180383	73569477
31818532	34820491	35250969	90973785	13806570
81760627	53057448	31103943	5000701	19085700
1006678	8991788	14652678	64149294	68162264
85224001	24570526	70494746	39326586	29215555
15850667	83917867	29274796	76472542	31119320
72636259	62769953	84933599	83613356	61624961
31651761	18392442	34225489	90463549	62616406
39383972	86438873	66777345	50049737	1702706
97602117	38340567	7939156	27219061	83691499
83919389	34266026	71963997	76047372	69691515
89821844	42641239	12211700	283804	10893373
14614376	61813652	23577931	43970363	16988350
37742966	25555628	20524021	88685439	39809712
11933478	60861246	95969448	56768198	35154070
40418284	59635639	51121538	53266453	10059335
9352054	18518372	64045814	24953510	89741360
98265170	7084554	89479001	41431193	2827238
70007157	33934032	15295218	78901395	37947285
46869241	3405669	28350796	35458633	20802106
412715	78792215	24207910	57016879	43159440
89678532	80238465	60612545	63095805	1237118
81805423	15415706	91600022	94524146	98113132
54622622	22163288	45231571	32757255	83920802
87901462	83815765	40301464	52183599	43076004
69818734	91945351	12255269	15688207	49256724
88967472	71417326	41284311	16774681	19257147
19698790	88840762	1553247	40538385	90550577
20591602	97664390	97341264	17493984	8102443
95672157	90452725	30270727	54507015	55787099
85261074	21890326	30111434	65370848	40533897
98227911	15994386	47653191	32915858	39187351
4030980	27014929	67142388	85247441	99161682
91300625	78300925	48504869	45232400	57617575
48721231	63345192	77673067	95791791	41925484
1921475	96557293	39195322	42324754	84767795
61469561	56380282	28580420	81087134	58261151
11000189	88343448	28356899	13118070	54228939
23934720	19761644	48797866	82362066	79634549
84843125	20457846	33895547	17886816	4701475
53330378	39832615	31888968	77312154	77634628
37803283	63933966	51407905	44956490	89333557
62491939	21206380	29267447	2831662	75884438
77598043	5469576	36617512	33737055	76733191
1292918	35310845	91872388	46207164	35882752
27740279	67014470	33913488	59267384	43481751
51808949	93412579	30976241	34556129	13937929
66714081	70543599	24781250	87685774	30210717
75147992	37809994	4338324	26594745	19090948
69112687	59293834	51457281	67582901	82993824
44354236	76388948	98697525	33802528	64676376
29167755	49618782	61229178	19595623	94688558
13431485	16754714	98454145	8955402	64806976
29547023	49809460	41208794	83737459	48919043
32770126	7970175	12311501	41770501	68737690
30128700	56150083	27837424	93086466	27452724
2800049	80728319	14090350	47781347	89024078
83353074	60984922	86965224	74674929	23562201
6689658	78131164	10663831	22948818	22004049
27320809	2268554	90999710	71517156	45187922
68401309	94595400	4644648	67483436	40676494
23222762	56796853	65927660	13946249	6951115
62538611	77140479	3630183	52548249	27383114
81383320	23831334	99247638	92533599	41943151
77598724	93621372	78131339	54340704	82198575
83622087	50708838	85329836	74708547	68625233
58656764	60601452	90358070	23599532	48760012
62004801	13308311	95865271	89198252	68240006
67201503	45680730	591228	99375139	96592341
60468436	73953203	54756971	33906752	35991777
6949360	32310207	58861803	63557644	47312537
98922945	52551812	7689102	39395048	24756694
11373274	67531767	24516393	44756057	67996631
40353391	31118335	92351106	81610637	77037619
93643284	33980338	80811614	37131358	98369673
15981678	57165626	15760168	65595814	19381542
41373775	61785231	61702383	920799	36545266
26361101	32667655	44892297	77537646	69007769
5781539	81201821	61300819	79856782	75462238
34929166	86115574	97857117	26582893	51329666
64603195	75243863	62136846	38257652	6645202
31283926	88917521	78707925	20712025	21969988
79229614	95680972	46707219	82196864	56049423
3931538	68541431	37803775	52686652	72059461
13859099	70384633	48084806	47127668	35918034
95020050	7834710	13602308	4882512	36705751
65475686	86948566	25337197	23878682	90039766
99214631	77472309	28107911	33660767	66459210
76349338	38977787	90616392	54312164	95856488
94007579	32322594	84497822	65806768	61859926
8869136	32585006	72981614	47303816	55998074
56317758	56981396	98858457	62344784	99207998
44751581	65042692	41852121	32147109	45864925
59381401	596983	15136132	69000878	59663958
79842086	52368389	66392073	2933316	2717472
